[   6    0    3    0    9    3    1    0    5  375    0    0    0    0
    0    0    0    0    0    0 9950  225    0]
[   6    1    6    1    5    3    1    0    5  375    0    0    0    0
    0    0    0    0    0    0 9900  225    0]
[    6     2     9     1    10     3     1     0     5   375     0     0
     0     0     0     0     0     0     0     0 10000   225     0]
[    6     3     2     3    12     3     1     0     5   375     0     0
     0     0     0     0     0     0     0     0 10000   225     0]
[    6     4    14     1    13     1     1     0     5   375     0     0
     0     0     0     0     0     0     0     0 10150   225   225]
[    6     5     7     0    10     0     1     0     5   375     0     0
     0     0     0     0     0     0     0     0 10000   225     0]
