[    6     0    14     0    12     2     1     0     5  1322     0     0
     0     0     0     0     0     0     0     0 10322   950   950]
[   6    1    9    1    9    0    1    0    5 1322    0    0    0    0
    0    0    0    0    0    0 9900  950    0]
[    6     2     7     1     4     3     1     0     5  1322     0     0
     0     0     0     0     0     0     0     0 10000   950     0]
[    6     3     8     3     4     0     1     0     5  1322     0     0
     0     0     0     0     0     0     0     0 10000   950     0]
[    6     4    10     1     4     2     1     0     5  1322     0     0
     0     0     0     0     0     0     0     0 10000   950     0]
[   6    5    4    1   14    2    1    0    5 1322    0    0    0    0
    0    0    0    0    0    0 9778  950  222]
