[   6    0    9    0   14    1    1    0    5  400    0    0    0    0
    0    0    0    0    0    0 9950  250    0]
[   6    1    4    2    7    0    1    0    5  400    0    0    0    0
    0    0    0    0    0    0 9900  250    0]
[    6     2    10     3     2     3     1     0     5   400     0     0
     0     0     0     0     0     0     0     0 10000   250     0]
[    6     3     6     3     8     0     1     0     5   400     0     0
     0     0     0     0     0     0     0     0 10000   250     0]
[    6     4     6     0     8     3     1     0     5   400     0     0
     0     0     0     0     0     0     0     0 10000   250     0]
[    6     5    12     2    14     2     1     0     5   400     0     0
     0     0     0     0     0     0     0     0 10150   250   250]
