[   6    0   13    3    7    1    1    3    4 3100    3    1   12    0
    2    0    9    3    5    3 9950 1475    0]
[    6     1     8     3    12     2     1     3     4  3100     3     1
    12     0     2     0     9     3     5     3 11525  1475  1475]
[    6     2     2     3    13     2     1     3     4  3100     3     1
    12     0     2     0     9     3     5     3 10000  1475     0]
[    6     3     7     0     5     1     1     3     4  3100     3     1
    12     0     2     0     9     3     5     3 10000  1475     0]
[    6     4    11     2     9     1     1     3     4  3100     3     1
    12     0     2     0     9     3     5     3 10000  1475     0]
[   6    5   10    0   11    0    1    3    4 3100    3    1   12    0
    2    0    9    3    5    3 8525 1475 1475]
