[   6    0   11    0    2    1    1    0    5  375    0    0    0    0
    0    0    0    0    0    0 9950  225    0]
[   6    1    2    0   11    3    1    0    5  375    0    0    0    0
    0    0    0    0    0    0 9900  225    0]
[    6     2     7     0     6     3     1     0     5   375     0     0
     0     0     0     0     0     0     0     0 10000   225     0]
[    6     3     5     2    14     3     1     0     5   375     0     0
     0     0     0     0     0     0     0     0 10000   225     0]
[    6     4    13     2    14     1     1     0     5   375     0     0
     0     0     0     0     0     0     0     0 10150   225   225]
[    6     5    12     3     9     0     1     0     5   375     0     0
     0     0     0     0     0     0     0     0 10000   225     0]
