[   6    0   10    0    3    0    2    3    5 1600    2    1    9    0
    6    2   12    1    5    2 9950 1100    0]
[    6     1     6     1    12     3     2     3     5  1600     2     1
     9     0     6     2    12     1     5     2 10400  1100  1100]
[   6    2    4    0    4    2    2    3    5 1600    2    1    9    0
    6    2   12    1    5    2 9650 1100  350]
[    6     3     6     0     2     0     2     3     5  1600     2     1
     9     0     6     2    12     1     5     2 10000  1100     0]
[    6     4    14     3     7     1     2     3     5  1600     2     1
     9     0     6     2    12     1     5     2 10000  1100     0]
[    6     5     2     3    13     0     2     3     5  1600     2     1
     9     0     6     2    12     1     5     2 10000  1100     0]
