[   6    0   10    3    6    1    1    0    5  150    0    0    0    0
    0    0    0    0    0    0 9950    0    0]
[    6     1     3     3    13     0     1     0     5   150     0     0
     0     0     0     0     0     0     0     0 10050     0     0]
[    6     2     6     2    14     1     1     0     5   150     0     0
     0     0     0     0     0     0     0     0 10000     0     0]
[    6     3    13     1     6     0     1     0     5   150     0     0
     0     0     0     0     0     0     0     0 10000     0     0]
[    6     4     5     1     4     2     1     0     5   150     0     0
     0     0     0     0     0     0     0     0 10000     0     0]
[    6     5     3     2     6     3     1     0     5   150     0     0
     0     0     0     0     0     0     0     0 10000     0     0]
