[   6    0    3    2    6    2    2    0    5  375    0    0    0    0
    0    0    0    0    0    0 9950  225    0]
[   6    1   14    2    6    0    2    0    5  375    0    0    0    0
    0    0    0    0    0    0 9900  225    0]
[    6     2    13     3    13     2     2     0     5   375     0     0
     0     0     0     0     0     0     0     0 10150   225   225]
[    6     3     9     2    12     0     2     0     5   375     0     0
     0     0     0     0     0     0     0     0 10000   225     0]
[    6     4    11     1     4     3     2     0     5   375     0     0
     0     0     0     0     0     0     0     0 10000   225     0]
[    6     5     3     1     8     3     2     0     5   375     0     0
     0     0     0     0     0     0     0     0 10000   225     0]
