[   6    0    7    3    4    2    2    3    4 2950    9    2   10    3
   11    2   13    2   14    2 9950 1400    0]
[   6    1   12    0    3    3    2    3    4 2950    9    2   10    3
   11    2   13    2   14    2 9900 1400    0]
[   6    2    9    0    9    3    2    3    4 2950    9    2   10    3
   11    2   13    2   14    2 8600 1400 1400]
[    6     3     8     2     2     1     2     3     4  2950     9     2
    10     3    11     2    13     2    14     2 10000  1400     0]
[    6     4    13     1    12     3     2     3     4  2950     9     2
    10     3    11     2    13     2    14     2 11550  1400  1400]
[    6     5     8     1     3     0     2     3     4  2950     9     2
    10     3    11     2    13     2    14     2 10000  1400     0]
