[    6     0    13     0    13     3     1     3     5  7925    12     3
    10     0     8     1     7     2     7     3 12300  5575  5575]
[   6    1    4    2    2    3    1    3    5 7925   12    3   10    0
    8    1    7    2    7    3 9900 5575    0]
[    6     2    14     2     2     1     1     3     5  7925    12     3
    10     0     8     1     7     2     7     3 10000  5575     0]
[   6    3    9    2    8    2    1    3    5 7925   12    3   10    0
    8    1    7    2    7    3 7800 5575 2200]
[    6     4     4     0    13     2     1     3     5  7925    12     3
    10     0     8     1     7     2     7     3 10000  5575     0]
[    6     5     8     3    11     2     1     3     5  7925    12     3
    10     0     8     1     7     2     7     3 10000  5575     0]
