[   6    0    6    0   14    0    1    1    5 4713    7    1   10    1
    8    0    0    0    0    0 9800 2063  200]
[   6    1   14    3   13    3    1    1    5 4713    7    1   10    1
    8    0    0    0    0    0 8850 2063 1150]
[    6     2    10     2     2     1     1     1     5  4713     7     1
    10     1     8     0     0     0     0     0 10000  2063     0]
[    6     3     5     0     4     3     1     1     5  4713     7     1
    10     1     8     0     0     0     0     0 10000  2063     0]
[    6     4     8     3     8     1     1     1     5  4713     7     1
    10     1     8     0     0     0     0     0 12500  2063  2063]
[   6    5    6    3    6    2    1    1    5 4713    7    1   10    1
    8    0    0    0    0    0 8850 2063 1150]
