[   6    0    6    3    5    1    1    0    5  150    0    0    0    0
    0    0    0    0    0    0 9950    0    0]
[    6     1     6     1    14     1     1     0     5   150     0     0
     0     0     0     0     0     0     0     0 10050     0     0]
[    6     2    11     1     4     1     1     0     5   150     0     0
     0     0     0     0     0     0     0     0 10000     0     0]
[    6     3     5     2     9     0     1     0     5   150     0     0
     0     0     0     0     0     0     0     0 10000     0     0]
[    6     4    10     1     2     0     1     0     5   150     0     0
     0     0     0     0     0     0     0     0 10000     0     0]
[    6     5     3     2     4     0     1     0     5   150     0     0
     0     0     0     0     0     0     0     0 10000     0     0]
