[   6    0    2    0   10    1    1    1    5 1080   11    3   13    0
    2    2    0    0    0    0 9950  705    0]
[   6    1    5    1    3    0    1    1    5 1080   11    3   13    0
    2    2    0    0    0    0 9900  705    0]
[    6     2     5     2    14     1     1     1     5  1080    11     3
    13     0     2     2     0     0     0     0 10000   705     0]
[   6    3    3    2    3    3    1    1    5 1080   11    3   13    0
    2    2    0    0    0    0 9775  705  225]
[    6     4    14     0    10     0     1     1     5  1080    11     3
    13     0     2     2     0     0     0     0 10375   705   705]
[    6     5     4     2     9     2     1     1     5  1080    11     3
    13     0     2     2     0     0     0     0 10000   705     0]
