[   6    0    2    2    3    0    1    2    5 1225    5    0    9    3
    7    0    3    2    0    0 9950  875    0]
[    6     1    11     0     4     0     1     2     5  1225     5     0
     9     3     7     0     3     2     0     0 10250   875   875]
[    6     2     6     0     9     0     1     2     5  1225     5     0
     9     3     7     0     3     2     0     0 10000   875     0]
[    6     3     8     0     4     3     1     2     5  1225     5     0
     9     3     7     0     3     2     0     0 10000   875     0]
[    6     4    11     2     4     2     1     2     5  1225     5     0
     9     3     7     0     3     2     0     0 10000   875     0]
[   6    5   13    3   14    1    1    2    5 1225    5    0    9    3
    7    0    3    2    0    0 9800  875  200]
