[   6    0    6    3    3    1    2    2    5 4550    6    1    5    3
   12    3   11    1    0    0 9950 3175    0]
[   6    1    2    2    5    2    2    2    5 4550    6    1    5    3
   12    3   11    1    0    0 9900 3175    0]
[   6    2    9    2    9    1    2    2    5 4550    6    1    5    3
   12    3   11    1    0    0 8775 3175 1225]
[    6     3    10     2     8     2     2     2     5  4550     6     1
     5     3    12     3    11     1     0     0 10000  3175     0]
[    6     4    14     3    12     2     2     2     5  4550     6     1
     5     3    12     3    11     1     0     0 11375  3175  3175]
[    6     5    10     1    13     0     2     2     5  4550     6     1
     5     3    12     3    11     1     0     0 10000  3175     0]
