[   6    0    3    2    2    3    2    3    4 3050   11    2    2    1
    4    2   12    1    6    0 9950 1350    0]
[   6    1   14    3   13    0    2    3    4 3050   11    2    2    1
    4    2   12    1    6    0 8650 1350 1350]
[   6    2   14    0   11    1    2    3    4 3050   11    2    2    1
    4    2   12    1    6    0 9800 1350  200]
[    6     3    13     1    12     2     2     3     4  3050    11     2
     2     1     4     2    12     1     6     0 10000  1350     0]
[    6     4    11     0    10     3     2     3     4  3050    11     2
     2     1     4     2    12     1     6     0 10000  1350     0]
[    6     5     7     2     7     1     2     3     4  3050    11     2
     2     1     4     2    12     1     6     0 11600  1350  1350]
