[   6    0    2    0   10    0    1    1    5 2050    4    2    3    1
   14    0    0    0    0    0 9950 1200    0]
[   6    1    3    0   13    2    1    1    5 2050    4    2    3    1
   14    0    0    0    0    0 9900 1200    0]
[    6     2     5     1     8     3     1     1     5  2050     4     2
     3     1    14     0     0     0     0     0 10000  1200     0]
[   6    3   12    2   10    2    1    1    5 2050    4    2    3    1
   14    0    0    0    0    0 9300 1200  700]
[    6     4    11     2     3     3     1     1     5  2050     4     2
     3     1    14     0     0     0     0     0 10000  1200     0]
[    6     5    13     3    11     1     1     1     5  2050     4     2
     3     1    14     0     0     0     0     0 10850  1200  1200]
