[   6    0    5    3    8    0    2    3    4  600    7    1   13    3
   12    1    8    2   14    3 9950  225    0]
[   6    1    6    0    6    1    2    3    4  600    7    1   13    3
   12    1    8    2   14    3 9775  225  225]
[    6     2    11     0    12     0     2     3     4   600     7     1
    13     3    12     1     8     2    14     3 10275   225   225]
[    6     3     4     0    11     1     2     3     4   600     7     1
    13     3    12     1     8     2    14     3 10000   225     0]
[    6     4     4     2    13     1     2     3     4   600     7     1
    13     3    12     1     8     2    14     3 10000   225     0]
[    6     5     2     3     5     2     2     3     4   600     7     1
    13     3    12     1     8     2    14     3 10000   225     0]
