[    6     0    10     2    10     3     1     1     5  1650     4     2
     9     3     6     2     0     0     0     0 10500  1000  1000]
[   6    1    7    3    7    2    1    1    5 1650    4    2    9    3
    6    2    0    0    0    0 9750 1000  250]
[    6     2     9     0     6     0     1     1     5  1650     4     2
     9     3     6     2     0     0     0     0 10000  1000     0]
[    6     3     3     3     5     0     1     1     5  1650     4     2
     9     3     6     2     0     0     0     0 10000  1000     0]
[    6     4     8     3     4     0     1     1     5  1650     4     2
     9     3     6     2     0     0     0     0 10000  1000     0]
[   6    5   12    0   13    1    1    1    5 1650    4    2    9    3
    6    2    0    0    0    0 9750 1000  250]
