[   6    0    3    0    6    0    1    0    5  150    0    0    0    0
    0    0    0    0    0    0 9950    0    0]
[    6     1    13     2    10     2     1     0     5   150     0     0
     0     0     0     0     0     0     0     0 10050     0     0]
[    6     2    11     1     5     0     1     0     5   150     0     0
     0     0     0     0     0     0     0     0 10000     0     0]
[    6     3    14     1     2     2     1     0     5   150     0     0
     0     0     0     0     0     0     0     0 10000     0     0]
[    6     4     4     0     7     3     1     0     5   150     0     0
     0     0     0     0     0     0     0     0 10000     0     0]
[    6     5     9     0     7     2     1     0     5   150     0     0
     0     0     0     0     0     0     0     0 10000     0     0]
