[   6    0   10    3    7    1    1    0    5  350    0    0    0    0
    0    0    0    0    0    0 9950  200    0]
[   6    1    2    0    8    2    1    0    5  350    0    0    0    0
    0    0    0    0    0    0 9900  200    0]
[    6     2     2     2     5     2     1     0     5   350     0     0
     0     0     0     0     0     0     0     0 10000   200     0]
[    6     3    11     3    14     1     1     0     5   350     0     0
     0     0     0     0     0     0     0     0 10150   200   200]
[    6     4     3     0    12     0     1     0     5   350     0     0
     0     0     0     0     0     0     0     0 10000   200     0]
[    6     5    10     1     2     3     1     0     5   350     0     0
     0     0     0     0     0     0     0     0 10000   200     0]
