[   6    0   12    2    7    1    1    0    5  375    0    0    0    0
    0    0    0    0    0    0 9950  225    0]
[   6    1    6    0   12    3    1    0    5  375    0    0    0    0
    0    0    0    0    0    0 9900  225    0]
[    6     2     9     2     8     3     1     0     5   375     0     0
     0     0     0     0     0     0     0     0 10000   225     0]
[    6     3     3     1    11     3     1     0     5   375     0     0
     0     0     0     0     0     0     0     0 10000   225     0]
[    6     4    14     3     7     3     1     0     5   375     0     0
     0     0     0     0     0     0     0     0 10150   225   225]
[    6     5     7     2     5     1     1     0     5   375     0     0
     0     0     0     0     0     0     0     0 10000   225     0]
