[   6    0    8    2    3    0    1    3    5 7975    3    3    6    0
    8    0   14    1    8    3 9950 5600    0]
[    6     1     7     1     6     1     1     3     5  7975     3     3
     6     0     8     0    14     1     8     3 12275  5600  5600]
[    6     2     5     1    10     1     1     3     5  7975     3     3
     6     0     8     0    14     1     8     3 10000  5600     0]
[   6    3    7    0    7    3    1    3    5 7975    3    3    6    0
    8    0   14    1    8    3 7775 5600 2225]
[    6     4    14     2     4     0     1     3     5  7975     3     3
     6     0     8     0    14     1     8     3 10000  5600     0]
[    6     5    10     3     9     1     1     3     5  7975     3     3
     6     0     8     0    14     1     8     3 10000  5600     0]
