[   6    0   12    1    7    0    1    0    5  150    0    0    0    0
    0    0    0    0    0    0 9950    0    0]
[    6     1     8     1    12     0     1     0     5   150     0     0
     0     0     0     0     0     0     0     0 10050     0     0]
[    6     2    11     0     8     2     1     0     5   150     0     0
     0     0     0     0     0     0     0     0 10000     0     0]
[    6     3     7     1    11     2     1     0     5   150     0     0
     0     0     0     0     0     0     0     0 10000     0     0]
[    6     4    13     0     9     3     1     0     5   150     0     0
     0     0     0     0     0     0     0     0 10000     0     0]
[    6     5     7     3    12     2     1     0     5   150     0     0
     0     0     0     0     0     0     0     0 10000     0     0]
