[    6     0    13     2    10     2     1     0     5  1322     0     0
     0     0     0     0     0     0     0     0 10322   950   950]
[   6    1    5    3    6    2    1    0    5 1322    0    0    0    0
    0    0    0    0    0    0 9900  950    0]
[    6     2     7     2     5     2     1     0     5  1322     0     0
     0     0     0     0     0     0     0     0 10000   950     0]
[    6     3     2     0    12     1     1     0     5  1322     0     0
     0     0     0     0     0     0     0     0 10000   950     0]
[    6     4     6     1     2     1     1     0     5  1322     0     0
     0     0     0     0     0     0     0     0 10000   950     0]
[   6    5   14    3    9    0    1    0    5 1322    0    0    0    0
    0    0    0    0    0    0 9778  950  222]
