[   6    0    9    2   14    2    2    1    5 1050    3    1   11    2
    5    1    0    0    0    0 9800  500  200]
[   6    1    3    2   13    0    2    1    5 1050    3    1   11    2
    5    1    0    0    0    0 9800  500  200]
[    6     2    14     1    14     0     2     1     5  1050     3     1
    11     2     5     1     0     0     0     0 10400   500   500]
[    6     3     7     0     8     1     2     1     5  1050     3     1
    11     2     5     1     0     0     0     0 10000   500     0]
[    6     4     3     3     7     2     2     1     5  1050     3     1
    11     2     5     1     0     0     0     0 10000   500     0]
[    6     5     2     3    11     1     2     1     5  1050     3     1
    11     2     5     1     0     0     0     0 10000   500     0]
