[   6    0   14    1    9    1    1    1    5 2525    2    0   13    1
   11    2    0    0    0    0 9225 1600  775]
[   6    1   10    0    7    0    1    1    5 2525    2    0   13    1
   11    2    0    0    0    0 9900 1600    0]
[    6     2     8     0    12     2     1     1     5  2525     2     0
    13     1    11     2     0     0     0     0 10000  1600     0]
[    6     3     8     3     5     3     1     1     5  2525     2     0
    13     1    11     2     0     0     0     0 10000  1600     0]
[    6     4    14     0     6     0     1     1     5  2525     2     0
    13     1    11     2     0     0     0     0 10875  1600  1600]
[    6     5     3     3     4     0     1     1     5  2525     2     0
    13     1    11     2     0     0     0     0 10000  1600     0]
