[    6     0    14     3     7     3     1     0     5  2000     0     0
     0     0     0     0     0     0     0     0 10550  1400  1400]
[   6    1    2    2    7    1    1    0    5 2000    0    0    0    0
    0    0    0    0    0    0 9900 1400    0]
[    6     2    13     1     5     3     1     0     5  2000     0     0
     0     0     0     0     0     0     0     0 10000  1400     0]
[   6    3   14    1    5    1    1    0    5 2000    0    0    0    0
    0    0    0    0    0    0 9775 1400  225]
[    6     4     5     2     3     0     1     0     5  2000     0     0
     0     0     0     0     0     0     0     0 10000  1400     0]
[   6    5   14    2    9    2    1    0    5 2000    0    0    0    0
    0    0    0    0    0    0 9775 1400  225]
