[    6     0    10     2     7     3     1     2     5   670     2     1
    14     3     6     0     8     1     0     0 10200   420   420]
[   6    1    7    1   13    0    1    2    5  670    2    1   14    3
    6    0    8    1    0    0 9800  420  100]
[    6     2    14     1     9     2     1     2     5   670     2     1
    14     3     6     0     8     1     0     0 10000   420     0]
[    6     3     5     1    12     3     1     2     5   670     2     1
    14     3     6     0     8     1     0     0 10000   420     0]
[    6     4     8     2     3     2     1     2     5   670     2     1
    14     3     6     0     8     1     0     0 10000   420     0]
[    6     5    10     3     4     0     1     2     5   670     2     1
    14     3     6     0     8     1     0     0 10000   420     0]
