[   6    0   11    0   10    2    1    0    5  375    0    0    0    0
    0    0    0    0    0    0 9950  225    0]
[   6    1    4    0   13    3    1    0    5  375    0    0    0    0
    0    0    0    0    0    0 9900  225    0]
[    6     2     7     2     4     1     1     0     5   375     0     0
     0     0     0     0     0     0     0     0 10000   225     0]
[    6     3    13     1     9     2     1     0     5   375     0     0
     0     0     0     0     0     0     0     0 10000   225     0]
[    6     4    10     3    12     1     1     0     5   375     0     0
     0     0     0     0     0     0     0     0 10150   225   225]
[    6     5     7     3     5     3     1     0     5   375     0     0
     0     0     0     0     0     0     0     0 10000   225     0]
