[   6    0    2    0    3    0    2    2    5 5050    7    0   10    2
   10    3    7    3    0    0 9950 3400    0]
[    6     1     9     3    10     0     2     2     5  5050     7     0
    10     2    10     3     7     3     0     0 11550  3400  3400]
[   6    2   13    1   13    3    2    2    5 5050    7    0   10    2
   10    3    7    3    0    0 8500 3400 1500]
[    6     3     5     1     7     1     2     2     5  5050     7     0
    10     2    10     3     7     3     0     0 10000  3400     0]
[    6     4     4     3    11     3     2     2     5  5050     7     0
    10     2    10     3     7     3     0     0 10000  3400     0]
[    6     5     5     3    14     0     2     2     5  5050     7     0
    10     2    10     3     7     3     0     0 10000  3400     0]
