[   6    0   12    1    4    0    1    0    5  375    0    0    0    0
    0    0    0    0    0    0 9950  225    0]
[   6    1    7    2    9    1    1    0    5  375    0    0    0    0
    0    0    0    0    0    0 9900  225    0]
[    6     2     6     3     3     2     1     0     5   375     0     0
     0     0     0     0     0     0     0     0 10000   225     0]
[    6     3     7     3     9     0     1     0     5   375     0     0
     0     0     0     0     0     0     0     0 10000   225     0]
[    6     4    11     0    13     0     1     0     5   375     0     0
     0     0     0     0     0     0     0     0 10150   225   225]
[    6     5    13     3     7     0     1     0     5   375     0     0
     0     0     0     0     0     0     0     0 10000   225     0]
