[   6    0    3    0    5    2    1    3    5 1111   12    3   14    1
   12    2    6    0    9    1 9950  649    0]
[   6    1    4    0   13    2    1    3    5 1111   12    3   14    1
   12    2    6    0    9    1 9688  649  312]
[    6     2    13     1     3     1     1     3     5  1111    12     3
    14     1    12     2     6     0     9     1 10000   649     0]
[    6     3    11     1     4     2     1     3     5  1111    12     3
    14     1    12     2     6     0     9     1 10000   649     0]
[    6     4     4     1     8     3     1     3     5  1111    12     3
    14     1    12     2     6     0     9     1 10000   649     0]
[    6     5     5     0     8     0     1     3     5  1111    12     3
    14     1    12     2     6     0     9     1 10362   649   649]
