[   6    0    6    3    7    3    1    3    5 3600   14    0    9    3
   13    0    6    2    5    3 9950 2600    0]
[    6     1    14     3     8     3     1     3     5  3600    14     0
     9     3    13     0     6     2     5     3 10900  2600  2600]
[    6     2    14     1     9     0     1     3     5  3600    14     0
     9     3    13     0     6     2     5     3 10000  2600     0]
[    6     3     4     3    13     2     1     3     5  3600    14     0
     9     3    13     0     6     2     5     3 10000  2600     0]
[   6    4   13    3   12    3    1    3    5 3600   14    0    9    3
   13    0    6    2    5    3 9150 2600  850]
[    6     5     2     0     6     0     1     3     5  3600    14     0
     9     3    13     0     6     2     5     3 10000  2600     0]
