[   6    0    5    2   11    0    1    3    4 2600    3    3   11    2
    2    2   10    0   13    3 9950 1225    0]
[    6     1    11     1     9     2     1     3     4  2600     3     3
    11     2     2     2    10     0    13     3 11275  1225  1225]
[    6     2     6     3     5     0     1     3     4  2600     3     3
    11     2     2     2    10     0    13     3 10000  1225     0]
[   6    3   14    2    7    2    1    3    4 2600    3    3   11    2
    2    2   10    0   13    3 8775 1225 1225]
[    6     4     2     3     2     1     1     3     4  2600     3     3
    11     2     2     2    10     0    13     3 10000  1225     0]
[    6     5     3     2    10     3     1     3     4  2600     3     3
    11     2     2     2    10     0    13     3 10000  1225     0]
