[   6    0    7    2   10    1    2    1    5 2050   13    3    3    2
    4    3    0    0    0    0 9950 1200    0]
[   6    1   11    2    3    1    2    1    5 2050   13    3    3    2
    4    3    0    0    0    0 9900 1200    0]
[   6    2   12    0   14    2    2    1    5 2050   13    3    3    2
    4    3    0    0    0    0 9300 1200  700]
[    6     3     2     2    14     1     2     1     5  2050    13     3
     3     2     4     3     0     0     0     0 10000  1200     0]
[    6     4    10     3     2     1     2     1     5  2050    13     3
     3     2     4     3     0     0     0     0 10000  1200     0]
[    6     5    13     2    12     1     2     1     5  2050    13     3
     3     2     4     3     0     0     0     0 10850  1200  1200]
