[   6    0    4    0   10    0    2    0    5  350    0    0    0    0
    0    0    0    0    0    0 9950  200    0]
[   6    1    9    3    3    0    2    0    5  350    0    0    0    0
    0    0    0    0    0    0 9900  200    0]
[    6     2     7     3    14     3     2     0     5   350     0     0
     0     0     0     0     0     0     0     0 10150   200   200]
[    6     3     2     0    12     1     2     0     5   350     0     0
     0     0     0     0     0     0     0     0 10000   200     0]
[    6     4    14     2     9     1     2     0     5   350     0     0
     0     0     0     0     0     0     0     0 10000   200     0]
[    6     5     8     3     2     2     2     0     5   350     0     0
     0     0     0     0     0     0     0     0 10000   200     0]
